5 5 10 0.050000 0.950000 1.04719755 3.14159
3.350000 11.350000 1.000000 1.000000
0.746450745108786 -0.3927832375548025 -0.5371523186420218 
-0.19007976537374427 0.6477255874442008 -0.73778129968543 
0.637715428637253 0.6528191875749578 0.4088351017365929 
61 61 61
4
100 25 50
0.000000 2.000000 1.000000
1.0 0.0 0.0 
0.0 1.0 0.0 
0.0 0.0 1.0 
7
0.000000 1.000000
1.000000 0.000000
0.000000 -1.000000
-1.000000 0.000000
0.000000 1.000000
0.980893 0.003787
0.003738 -0.983178
67 150 133
0.000000 0.000000 0.000000
1.0 0.0 0.0 
0.0 1.0 0.0 
0.0 0.0 1.0 
5
-0.244582 -0.659443
-0.529412 -0.306502
-0.343653 0.281734
-0.108359 0.764706
0.733746 0.058824
104 47 30
-2.500000 -3.200000 0.000000
1.0 0.0 0.0 
0.0 1.0 0.0 
0.0 0.0 1.0 
5
0.589506 -0.339506
0.669753 0.444444
-0.601852 0.716049
-0.966049 -0.172840
-0.070988 -0.456790
168 103 111
0.600000 0.000000 -3.800000
1.0 0.0 0.0 
0.0 1.0 0.0 
0.0 0.0 1.0 
5
-0.223926 0.779141
7.788132 8.136055
-0.168712 -0.815951
-0.647239 -0.429448
-0.254601 0.177914
