5 7 10 0.4 1.0 0.0 6.283185307179586
5.0 500.0 5.0 3.0
-0.4860676696870915 0.583028968328312 0.6510110925129169
-0.688201921348882 -0.7144871065354051 0.12604082690242843
0.5386244850882049 -0.386762713668944 0.7485307391007944
0 100 100
2
255 0 0
-200.0 50.0 400.0
0.996346981887989 -0.06915754653305958 -0.05009915608295713
-0.0853777822269837 -0.7941623809725442 -0.6016782752850757
0.0018237282414038658 0.6037576884856606 -0.7971658093582281
5
63.666067864271426 -104.07405189620759
-104.07405189620759 65.54550898203594
-24.667664670658667 50.97984031936128
104.07405189620759 30.775848303393218
96.0 107.0
255 0 0
40.0 -50.0 0.0
1.0 0.0 0.0
0.0 1.0 0.0
0.0 0.0 1.0
4
-54.0 -45.0
-19.0 4.0
45.0 57.0
96.0 107.0
