//5 7 10 0.4 1.0 0.0 6.283185307179586
7.599999999999991 500.0 5.0 3.0
1.0 0.0 0.0
0.0 1.0 0.0
0.0 0.0 1.0
0 100 100
//тут было колво тел вращения
255 0 0
-40.0 50.0 0.0
-1.0 0.0 0.0
0.0 1.0 0.0
0.0 0.0 -1.0
4
-54.0 -45.0
-19.0 4.0
45.0 57.0
96.0 107.0
255 0 0
40.0 -50.0 0.0
1.0 0.0 0.0
0.0 1.0 0.0
0.0 0.0 1.0
5 5 //Ni - 1 Nj - 1
-20 -20 0
-20 -10 0
-20 0 0
-20 10 0
-20 20 0
-10 -20 0
-10 -10 0
-10 0 10
-10 10 0
-10 20 0
0 -20 0
0 -10 10
0 0 20
0 10 10
0 20 0
10 -20 0
10 -10 0
10 0 10
10 10 0
10 20 0
20 -20 0
20 -10 0
20 0 0
20 10 0
20 20 0