10 10 7
7.599999999999991 500.0 5.0 3.0
0 100 100   //цвет фона
255 0 0     //цвет тела
1.0 0.0 0.0
0.0 1.0 0.0
0.0 0.0 1.0


8 8 3 3 //Ni Nj Ti Tj: (Ni + 1) и (Nj + 1) число контрольных точек по каждому направлению. Степень многочленов будет (Ti) и (Tj)

-40 -40 0
-40 -30 0
-40 -20 0
-40 -10 0
-40 0 0
-40 10 0
-40 20 0
-40 30 0
-40 40 0

-30 -40 0
-30 -30 0
-30 -20 0
-30 -10 0
-30 0 0
-30 10 0
-30 20 0
-30 30 0
-30 40 0

-20 -40 0
-20 -30 0
-20 -20 0
-20 -10 0
-20 0 0
-20 10 0
-20 20 0
-20 30 0
-20 40 0

-10 -40 0
-10 -30 0
-10 -20 0
-10 -10 0
-10 0 10
-10 10 0
-10 20 0
-10 30 0
-10 40 0

0 -40 0
0 -30 0
0 -20 0
0 -10 10
0 0 130
0 10 10
0 20 0
0 30 0
0 40 0

10 -40 0
10 -30 0
10 -20 0
10 -10 0
10 0 10
10 10 0
10 20 0
10 30 0
10 40 0

20 -40 0
20 -30 0
20 -20 0
20 -10 0
20 0 0
20 10 0
20 20 0
20 30 0
20 40 0

30 -40 0
30 -30 0
30 -20 0
30 -10 0
30 0 0
30 10 0
30 20 0
30 30 0
30 40 0

40 -40 0
40 -30 0
40 -20 0
40 -10 0
40 0 0
40 10 0
40 20 0
40 30 0
40 40 0