10 10 7
7.599999999999991 500.0 5.0 3.0
0 100 100   //цвет фона
//тут было колво тел вращения

255 0 0     //цвет тела
1.0 0.0 0.0
0.0 1.0 0.0
0.0 0.0 1.0


10 10 3 3 //Ni Nj Ti Tj: (Ni + 1) и (Nj + 1) число контрольных точек по каждому направлению. Степень многочленов будет (Ti - 1) и (Tj - 1)
-50 -50 12.659141
-50 -40 -8.749389
-50 -30 2.023585
-50 -20 5.353524
-50 -10 -11.007563
-50 0 13.118743
-50 10 -11.007563
-50 20 5.353524
-50 30 2.023585
-50 40 -8.749389
-50 50 12.659141
-40 -50 -35.950444
-40 -40 24.847216
-40 -30 -5.746739
-40 -20 -15.203366
-40 -10 31.260162
-40 0 -37.255658
-40 10 31.260162
-40 20 -15.203366
-40 30 -5.746739
-40 40 24.847216
-40 50 -35.950444
-30 -50 47.670848
-30 -40 -32.947795
-30 -30 7.620266
-30 -20 20.159899
-30 -10 -41.451460
-30 0 49.401581
-30 10 -41.451460
-30 20 20.159899
-30 30 7.620266
-30 40 -32.947795
-30 50 47.670848
-20 -50 -44.048058
-20 -40 30.443897
-20 -30 -7.041156
-20 -20 -18.627829
-20 -10 38.301318
-20 0 -45.647263
-20 10 38.301318
-20 20 -18.627829
-20 30 -7.041156
-20 40 30.443897
-20 50 -44.048058
-10 -50 26.248095
-10 -40 -18.141419
-10 -30 4.195802
-10 -20 11.100263
-10 -10 -22.823631
-10 0 27.201056
-10 10 -22.823631
-10 20 11.100263
-10 30 4.195802
-10 40 -18.141419
-10 50 26.248095
0 -50 0.000000
0 -40 -0.000000
0 -30 0.000000
0 -20 0.000000
0 -10 -0.000000
0 0 0.000000
0 10 -0.000000
0 20 0.000000
0 30 0.000000
0 40 -0.000000
0 50 0.000000
10 -50 -26.248095
10 -40 18.141419
10 -30 -4.195802
10 -20 -11.100263
10 -10 22.823631
10 0 -27.201056
10 10 22.823631
10 20 -11.100263
10 30 -4.195802
10 40 18.141419
10 50 -26.248095
20 -50 44.048058
20 -40 -30.443897
20 -30 7.041156
20 -20 18.627829
20 -10 -38.301318
20 0 45.647263
20 10 -38.301318
20 20 18.627829
20 30 7.041156
20 40 -30.443897
20 50 44.048058
30 -50 -47.670848
30 -40 32.947795
30 -30 -7.620266
30 -20 -20.159899
30 -10 41.451460
30 0 -49.401581
30 10 41.451460
30 20 -20.159899
30 30 -7.620266
30 40 32.947795
30 50 -47.670848
40 -50 35.950444
40 -40 -24.847216
40 -30 5.746739
40 -20 15.203366
40 -10 -31.260162
40 0 37.255658
40 10 -31.260162
40 20 15.203366
40 30 5.746739
40 40 -24.847216
40 50 35.950444
50 -50 -12.659141
50 -40 8.749389
50 -30 -2.023585
50 -20 -5.353524
50 -10 11.007563
50 0 -13.118743
50 10 11.007563
50 20 -5.353524
50 30 -2.023585
50 40 8.749389
50 50 -12.659141