10 10 7
7.599999999999991 500.0 5.0 3.0
1.0 0.0 0.0
0.0 1.0 0.0
0.0 0.0 1.0
0 100 100   //цвет фона
//тут было колво тел вращения

255 0 0     //цвет тела
0.0 0.0 0.0 //центр
1.0 0.0 0.0
0.0 1.0 0.0
0.0 0.0 1.0


4 4 4 4 //Ni Nj Ti Tj: (Ni + 1) и (Nj + 1) число контрольных точек по каждому направлению

-20 -20 0
-20 -10 0
-20 0 0
-20 10 0
-20 20 0
-10 -20 0
-10 -10 0
-10 0 10
-10 10 0
-10 20 0
0 -20 0
0 -10 10
0 0 20
0 10 10
0 20 0
10 -20 0
10 -10 0
10 0 10
10 10 0
10 20 0
20 -20 0
20 -10 0
20 0 0
20 10 0
20 20 0